26.3284263611 3.5292804241 258.0208435059
26.1306533813 3.2157278061 257.9854125977
26.4638328552 3.3714363575 258.0512695313
26.1207923889 2.8840556145 257.9943237305
26.8721103668 2.9267873764 258.1233825684
26.6679172516 2.6813185215 258.0875549316
27.0681190491 2.3956732750 258.1578369141
25.7303218842 2.9211504459 257.8987731934
25.9897384644 3.2948021889 257.9427185059
25.7554893494 2.6195597649 257.9243774414
26.2819519043 2.5271756649 258.0268249512
26.4949569702 2.2498404980 258.0667724609
26.8330764771 1.9709019661 258.1284790039
27.1603260040 2.1335122585 258.1781921387
27.3310546875 4.6503901482 258.2250061035
26.9441108704 4.4163570404 258.1507568359
27.3118343353 4.1676578522 258.2178344727
27.0260620117 1.8646416664 258.1653137207
27.4036788940 2.0206642151 258.2209777832
27.1352653503 1.6881173849 258.1765747070
27.3116340637 1.7236293554 258.2120056152
27.3914279938 1.5418487787 258.2226867676
27.5166339874 1.4397097826 258.2490539551
27.7705478668 1.6997536421 258.2905578613
27.7022953033 1.3538026810 258.2829284668
28.0734024048 1.5509401560 258.3461914063
28.0000057220 1.2681363821 258.3336181641
26.8624820709 3.9277515411 258.1393432617
25.5874576569 2.7149965763 257.8769226074
25.8779926300 2.3809185028 257.9486694336
27.8215675354 1.1650391817 258.3021240234
28.1821117401 1.1405619383 258.3711547852
28.0953407288 0.9936459661 258.3518371582
27.1805191040 3.6362006664 258.1892089844
25.6044025421 2.4260520935 257.8803100586
25.4766941071 2.5497007370 257.8428649902
26.2956256866 2.0144598484 258.0200500488
26.8396263123 1.6392179728 258.1206359863
26.9919605255 1.5408577919 258.1400756836
27.2305068970 1.3963459730 258.1843566895
27.4019336700 1.2597206831 258.2174072266
26.5971984863 4.2290902138 258.0714416504
26.5555801392 3.8637599945 258.0723571777
25.7875766754 1.9723302126 257.8916015625
26.1463661194 1.9126992226 257.9752197266
26.5256538391 1.6646672487 258.0460205078
26.7670745850 1.4962252378 258.0919799805
26.9439182281 3.3592107296 258.1421203613
44.7149467468 27.6792144775 258.9168395996
44.6760025024 27.6833457947 258.7843017578
44.6656150818 27.6515560150 259.0769958496
44.8579521179 27.6440811157 259.1154174805
44.9046936035 27.6664848328 258.9544067383
45.0135345459 27.5799674988 259.1459045410
45.0571784973 27.5977134705 258.9842224121
45.1926689148 27.5167522430 259.0208740234
45.1918373108 27.4684104919 259.1832275391
45.3964233398 27.3785972595 259.0562744141
45.6924476624 27.1695804596 259.1058654785
45.6732482910 27.1088790894 259.2684020996
45.8643722534 27.0404624939 259.2017517090
45.8348922729 27.0266036987 259.3053283691
45.9864616394 26.9553585052 259.3422546387
34.3635940552 17.1005725861 256.3726806641
34.3066520691 16.8779926300 255.8828887939
34.0377616882 16.6012992859 256.3432006836
37.4450111389 22.0964260101 257.9788513184
37.6407623291 22.2158470154 257.7348327637
37.5679931641 22.0957851410 257.4197692871
26.3524436951 4.3218517303 253.9896240234
26.3282260895 4.1501383781 253.5441131592
26.0414371490 3.7866239548 253.7887573242
29.6091594696 9.6813354492 255.5278625488
29.5034732819 9.3920164108 255.0850524902
29.2306041718 9.1483030319 255.6634979248
45.0062561035 9.1594600677 258.4539794922
45.0148620605 9.0416526794 258.1774597168
45.2573318481 9.4132776260 258.2275695801
27.9410305023 7.3801288605 256.3669433594
28.3798046112 7.9982762337 256.1985778809
27.9676189423 7.2691278458 255.8477172852
40.2040405273 1.7600200176 257.6454162598
40.2834472656 1.7587500811 257.3694458008
40.4662132263 2.0597767830 257.4419250488
34.9380645752 18.1701335907 259.3388061523
35.1469383240 18.4790496826 259.3770141602
35.0655555725 18.5901241302 259.1715698242
58.8953742981 7.4704055786 262.0858459473
58.7737731934 7.4291348457 261.6865844727
58.9791717529 7.4805140495 261.6069946289
58.7068862915 7.4230303764 262.0194396973
39.0166053772 0.1453211904 258.5725402832
38.9797363281 -0.0471846871 257.8863830566
39.2429618835 0.3655188084 257.9883117676
60.9763374329 11.2882328033 264.1331481934
60.7282257080 11.1727333069 264.2066955566
60.7399063110 10.9382171631 264.1023559570
60.8777999878 11.0637187958 264.0643615723
25.7647132874 3.9506182671 257.5665283203
25.4791316986 3.5204081535 257.5101623535
25.8011550903 3.8556852341 257.6838073730
41.0649871826 3.9631898403 260.6039123535
40.8541069031 3.6133861542 260.5590515137
40.9185829163 3.5785765648 260.4635009766
41.1202392578 3.8391051292 260.4491271973
2.6984226704 -39.8547286987 248.8206634521
2.5009577274 -39.7825584412 248.7629241943
2.4866466522 -40.2266731262 248.7778320313
2.8634872437 -40.2364425659 248.8569183350
3.3506357670 -40.2107505798 248.9435882568
3.0597891808 -40.7821235657 248.8844909668
3.6783492565 -40.6125068665 248.9896850586
3.5523216724 -40.9581489563 248.9628753662
36.3615417480 -3.2282180786 259.8066101074
36.0902481079 -3.6984868050 259.7409057617
36.3042106628 -3.6507444382 259.6226196289
44.5112419128 27.5568542480 259.0461425781
44.5137100220 27.5786533356 258.8763427734
37.3458366394 21.9605865479 257.9003906250
44.8635864258 25.0004291534 260.2261047363
44.8546180725 24.8574008942 259.7780456543
44.5781059265 24.5120697021 259.9908142090
60.3484725952 9.3796548843 261.2782287598
60.0200233459 8.7960281372 261.0085754395
60.3327369690 9.2064113617 260.7887573242
39.8204956055 -5.3718805313 256.5684204102
39.6031913757 -5.7313265800 256.5043640137
39.9733352661 -5.2316088676 256.3645324707
39.6293792725 -5.7609467506 256.3457336426
34.7896804810 18.1750411987 259.1180114746
58.1801757813 7.6753282547 261.7792663574
57.5756072998 8.0464076996 261.8742980957
58.0385932922 7.8088717461 261.3916015625
58.5149841309 7.4533877373 262.1214294434
58.4144363403 7.5325365067 261.8158569336
58.6241493225 7.4598603249 261.5454406738
30.4247283936 11.0782184601 258.5353088379
30.0327758789 10.7158775330 258.2809753418
30.1226501465 10.6178960800 258.4715576172
30.2966766357 11.1210660934 258.3373718262
60.4527359009 10.7061500549 264.1479187012
60.6143913269 10.6302127838 264.0101013184
25.4473056793 3.3272845745 257.6127014160
25.6957378387 3.5855443478 257.7230834961
37.5351638794 -1.9063966274 259.2630310059
37.4486846924 -2.1722593307 258.7968750000
37.8248062134 -1.5926613808 258.8254699707
40.8225173950 3.3667392731 260.3810424805
2.1221158504 -40.3548583984 248.6827392578
2.6337566376 -40.6965370178 248.8063659668
44.3685493469 27.4111499786 259.0153808594
44.3895797729 27.4625892639 258.8510131836
63.7981681824 16.7840957642 261.7606506348
63.6595458984 16.8942165375 261.7403259277
63.8183631897 16.8203735352 261.7858886719
63.9690971375 16.7489604950 261.8153076172
63.9369468689 16.6902847290 261.7718811035
64.1654510498 16.6256999969 261.8527221680
64.1114044189 16.5690937042 261.8022460938
64.3754043579 16.4657077789 261.8941650391
64.3437118530 16.4085464478 261.8537292480
64.4715270996 16.3140754700 261.9141235352
29.2174854279 9.0217380524 255.3023071289
44.7360916138 8.6865434647 258.2854919434
44.7547111511 8.6392078400 258.1287231445
49.6597633362 13.2947444916 260.1378173828
49.8201065063 13.1826601028 259.9974670410
49.9937629700 13.0822763443 260.1200256348
50.2494316101 12.8933658600 260.4343566895
50.2802391052 12.9003019333 260.1622619629